fname,true_label,predicted_label,prob_plain,prob_tense,prob_aspirated
F13_02_099.wav,aspirated,aspirated,0.0499,0.1288,0.8213
M07_04_013.wav,plain,plain,0.8352,0.1566,0.0082
M07_03_088.wav,tense,tense,0.4092,0.5697,0.021
M11_03_005.wav,plain,plain,0.671,0.289,0.0399
M11_02_061.wav,tense,tense,0.4508,0.5331,0.0162
F10_03_039.wav,aspirated,aspirated,0.1611,0.1728,0.6661
F15_04_061.wav,aspirated,aspirated,0.0858,0.422,0.4922
M06_04_020.wav,aspirated,tense,0.335,0.3822,0.2828
F14_02_057.wav,plain,plain,0.8372,0.1495,0.0133
M06_04_018.wav,plain,plain,0.7867,0.1772,0.0361
M10_03_036.wav,plain,plain,0.5507,0.4291,0.0202
F17_04_080.wav,plain,plain,0.8719,0.125,0.0031
F19_01_011.wav,tense,tense,0.3273,0.6485,0.0241
F23_01_080.wav,plain,tense,0.3456,0.602,0.0523
F06_01_055.wav,plain,plain,0.5735,0.4112,0.0153
M13_02_038.wav,aspirated,plain,0.3501,0.3485,0.3014
M07_04_032.wav,plain,plain,0.8752,0.1199,0.0049
F23_01_069.wav,aspirated,aspirated,0.0521,0.0354,0.9124
M03_01_010.wav,tense,plain,0.555,0.4195,0.0255
M08_04_009.wav,aspirated,aspirated,0.1504,0.2685,0.5811
M06_03_038.wav,plain,plain,0.652,0.325,0.023
F14_03_056.wav,plain,plain,0.8939,0.0993,0.0067
F05_02_099.wav,plain,plain,0.9676,0.0288,0.0036
F05_01_100.wav,plain,plain,0.6426,0.3045,0.0529
M09_01_089.wav,aspirated,aspirated,0.2544,0.3211,0.4245
F13_04_038.wav,tense,tense,0.1886,0.777,0.0344
F23_02_070.wav,aspirated,aspirated,0.0685,0.2358,0.6957
F04_03_078.wav,tense,tense,0.4179,0.5486,0.0335
F18_03_007.wav,aspirated,aspirated,0.2935,0.1999,0.5066
M12_01_106.wav,plain,plain,0.7662,0.2255,0.0083
M05_02_038.wav,aspirated,plain,0.3385,0.3264,0.3351
F09_02_032.wav,plain,plain,0.6329,0.352,0.0151
M09_02_005.wav,aspirated,aspirated,0.239,0.2508,0.5101
F12_01_089.wav,tense,tense,0.4265,0.5555,0.0179
M07_04_014.wav,tense,tense,0.3643,0.6107,0.025
F08_04_060.wav,tense,plain,0.5432,0.4301,0.0267
F12_02_040.wav,plain,plain,0.9181,0.0737,0.0082
F07_03_033.wav,tense,tense,0.3719,0.5646,0.0635
F20_01_087.wav,aspirated,aspirated,0.0509,0.0626,0.8865
F21_03_035.wav,plain,plain,0.8611,0.1333,0.0057
F20_01_029.wav,aspirated,aspirated,0.1014,0.1729,0.7257
M06_02_067.wav,tense,tense,0.2856,0.6911,0.0233
F17_01_075.wav,plain,plain,0.5417,0.4442,0.0141
F15_03_099.wav,plain,plain,0.719,0.2611,0.0199
F11_02_033.wav,tense,tense,0.2817,0.6624,0.0558
F17_04_075.wav,tense,tense,0.4086,0.56,0.0314
M06_01_058.wav,tense,tense,0.3917,0.5804,0.0279
M12_04_093.wav,tense,tense,0.1543,0.7977,0.0481
F13_04_048.wav,plain,plain,0.872,0.1245,0.0035
M10_01_067.wav,plain,plain,0.8274,0.1667,0.0059
F15_04_080.wav,tense,tense,0.4442,0.5203,0.0355
F12_04_019.wav,aspirated,tense,0.224,0.4893,0.2867
M03_01_044.wav,aspirated,plain,0.7663,0.1731,0.0606
M09_03_034.wav,plain,tense,0.4346,0.5301,0.0353
M08_01_106.wav,tense,tense,0.383,0.5962,0.0208
F07_03_075.wav,tense,tense,0.3615,0.601,0.0375
F20_02_092.wav,tense,tense,0.2788,0.6946,0.0266
F05_03_006.wav,aspirated,aspirated,0.0324,0.063,0.9046
F15_03_052.wav,tense,tense,0.3463,0.5927,0.061
F11_03_034.wav,plain,plain,0.7406,0.2509,0.0085
M04_01_035.wav,tense,tense,0.3004,0.6816,0.018
F20_03_066.wav,tense,plain,0.4863,0.4802,0.0335
M07_01_038.wav,tense,plain,0.7184,0.2722,0.0094
M06_03_062.wav,plain,plain,0.7727,0.2194,0.0078
F13_03_066.wav,tense,tense,0.2613,0.6511,0.0876
F14_01_063.wav,aspirated,plain,0.5815,0.1165,0.3021
F18_01_009.wav,plain,plain,0.7498,0.233,0.0173
M06_01_040.wav,tense,tense,0.2704,0.706,0.0236
F20_02_036.wav,plain,plain,0.7079,0.2623,0.0298
F17_03_069.wav,plain,plain,0.8026,0.1904,0.007
M04_01_013.wav,aspirated,plain,0.8141,0.1065,0.0794
M07_04_093.wav,tense,tense,0.2925,0.6574,0.0501
F05_01_090.wav,tense,tense,0.4438,0.5159,0.0403
F10_01_052.wav,tense,plain,0.4854,0.4787,0.0359
F15_04_103.wav,plain,plain,0.7392,0.252,0.0088
F16_01_100.wav,aspirated,aspirated,0.0735,0.1779,0.7486
M13_03_021.wav,plain,plain,0.6508,0.3266,0.0226
F21_04_039.wav,tense,plain,0.6582,0.3119,0.0299
F16_02_056.wav,plain,plain,0.6256,0.3238,0.0505
M03_04_076.wav,aspirated,plain,0.4364,0.1683,0.3954
M03_02_060.wav,tense,tense,0.3009,0.6502,0.0489
F10_02_022.wav,plain,plain,0.5638,0.4006,0.0355
F07_02_073.wav,tense,tense,0.4256,0.5573,0.017
F13_04_049.wav,tense,tense,0.368,0.617,0.0149
F08_01_078.wav,aspirated,tense,0.2527,0.5558,0.1915
M10_03_013.wav,aspirated,aspirated,0.2885,0.1762,0.5353
M03_04_086.wav,plain,plain,0.7321,0.2596,0.0083
F06_04_072.wav,tense,plain,0.5829,0.4017,0.0154
F06_02_071.wav,aspirated,aspirated,0.2554,0.1562,0.5884
F18_04_028.wav,plain,tense,0.3445,0.6132,0.0423
M01_03_032.wav,aspirated,aspirated,0.0323,0.0201,0.9476
F08_01_100.wav,plain,plain,0.5353,0.4483,0.0163
M04_02_090.wav,tense,tense,0.4595,0.5271,0.0134
F18_02_033.wav,aspirated,aspirated,0.0546,0.1786,0.7668
M06_04_083.wav,tense,tense,0.2292,0.7186,0.0523
F22_04_068.wav,aspirated,aspirated,0.3804,0.0957,0.5238
F12_04_026.wav,aspirated,tense,0.4202,0.4632,0.1167
F13_02_001.wav,aspirated,tense,0.1517,0.4598,0.3885
F10_04_035.wav,tense,tense,0.3007,0.6371,0.0622
F09_03_035.wav,plain,plain,0.6466,0.3417,0.0117
F07_01_026.wav,plain,plain,0.9352,0.0613,0.0035
F04_02_068.wav,plain,plain,0.7382,0.2463,0.0155
F07_02_059.wav,plain,plain,0.855,0.1422,0.0028
M04_04_038.wav,tense,tense,0.4123,0.5533,0.0345
M09_03_014.wav,tense,tense,0.3933,0.5187,0.088
F11_04_027.wav,aspirated,aspirated,0.2547,0.2025,0.5428
F09_02_066.wav,plain,plain,0.7026,0.2865,0.0109
F15_03_048.wav,tense,tense,0.1491,0.762,0.0889
F08_04_084.wav,plain,plain,0.8583,0.118,0.0237
M03_03_103.wav,plain,plain,0.8512,0.145,0.0038
F16_02_064.wav,plain,plain,0.7315,0.1847,0.0838
M04_03_059.wav,tense,tense,0.2784,0.5285,0.193
F23_03_013.wav,plain,plain,0.9024,0.0942,0.0035
F22_04_091.wav,plain,plain,0.7291,0.2507,0.0202
M12_01_074.wav,plain,tense,0.4234,0.5322,0.0443
F06_04_006.wav,aspirated,aspirated,0.2262,0.213,0.5609
M11_03_029.wav,aspirated,aspirated,0.2614,0.1298,0.6087
F04_02_054.wav,plain,plain,0.9591,0.0386,0.0024
F22_01_084.wav,aspirated,aspirated,0.0262,0.0892,0.8846
F19_02_033.wav,aspirated,aspirated,0.062,0.0606,0.8774
F04_01_070.wav,plain,tense,0.4004,0.5359,0.0637
F23_04_043.wav,plain,tense,0.401,0.5736,0.0254
F04_01_105.wav,tense,plain,0.5319,0.4334,0.0347
M10_01_049.wav,plain,plain,0.8677,0.1238,0.0084
M05_02_073.wav,tense,tense,0.2387,0.7402,0.0211
F16_03_031.wav,plain,plain,0.7712,0.1265,0.1023
M04_04_074.wav,plain,plain,0.8069,0.1776,0.0155
F14_03_070.wav,tense,plain,0.4954,0.4917,0.0129
M04_04_061.wav,aspirated,aspirated,0.1899,0.1445,0.6656
F06_04_032.wav,plain,plain,0.9502,0.0461,0.0037
F12_04_093.wav,tense,tense,0.3659,0.4807,0.1534
F12_04_096.wav,aspirated,aspirated,0.0784,0.1012,0.8204
M06_04_100.wav,plain,plain,0.8801,0.1145,0.0054
F22_01_058.wav,plain,plain,0.865,0.1225,0.0125
M03_01_045.wav,aspirated,aspirated,0.1913,0.2115,0.5971
F06_03_048.wav,tense,tense,0.4755,0.4896,0.0349
F16_02_099.wav,plain,plain,0.9222,0.0619,0.0159
M06_02_074.wav,tense,tense,0.3047,0.6638,0.0315
F13_01_042.wav,tense,tense,0.2115,0.7648,0.0236
F18_04_060.wav,plain,tense,0.3695,0.596,0.0345
M12_01_054.wav,tense,tense,0.2677,0.6839,0.0484
M05_01_087.wav,plain,plain,0.8815,0.1124,0.0061
M08_01_037.wav,aspirated,aspirated,0.0702,0.0487,0.8812
M10_03_028.wav,tense,tense,0.3394,0.6125,0.0481
F16_04_070.wav,aspirated,aspirated,0.0615,0.1206,0.8179
F10_03_011.wav,plain,tense,0.436,0.5409,0.023
M01_01_028.wav,aspirated,aspirated,0.1137,0.1695,0.7168
F09_03_012.wav,aspirated,aspirated,0.1083,0.1987,0.693
F20_01_097.wav,tense,tense,0.3806,0.5879,0.0315
M04_01_031.wav,aspirated,plain,0.4831,0.2133,0.3036
M09_01_062.wav,aspirated,aspirated,0.181,0.1971,0.6219
F21_02_023.wav,plain,plain,0.6418,0.3466,0.0116
F13_04_097.wav,tense,tense,0.2317,0.7337,0.0347
F07_04_086.wav,aspirated,aspirated,0.2377,0.2695,0.4928
M05_01_060.wav,plain,plain,0.7813,0.2157,0.0031
M03_03_011.wav,tense,plain,0.577,0.4147,0.0083
F16_04_091.wav,plain,plain,0.5689,0.4091,0.0221
F07_02_045.wav,aspirated,aspirated,0.038,0.0671,0.895
F21_02_040.wav,aspirated,aspirated,0.1245,0.1986,0.6769
F12_04_008.wav,tense,tense,0.4726,0.4948,0.0325
F04_01_067.wav,aspirated,tense,0.2672,0.4613,0.2715
F09_04_078.wav,aspirated,aspirated,0.0964,0.1206,0.7831
F10_01_024.wav,plain,tense,0.4643,0.4996,0.0361
F22_02_049.wav,plain,plain,0.6655,0.3205,0.0141
M11_03_080.wav,plain,plain,0.8485,0.1408,0.0107
F12_01_057.wav,plain,plain,0.7846,0.2076,0.0079
M04_02_043.wav,aspirated,aspirated,0.2735,0.256,0.4706
F07_01_104.wav,plain,plain,0.6309,0.3431,0.0259
M11_02_069.wav,tense,plain,0.7981,0.1952,0.0067
F22_04_011.wav,aspirated,aspirated,0.0227,0.0467,0.9307
F22_01_022.wav,tense,tense,0.1599,0.7906,0.0495
M13_01_090.wav,tense,plain,0.8116,0.1845,0.0039
F21_03_025.wav,plain,plain,0.9499,0.0458,0.0043
F19_04_004.wav,tense,tense,0.2165,0.6982,0.0852
F19_03_041.wav,aspirated,aspirated,0.0456,0.0977,0.8567
F18_03_067.wav,plain,plain,0.7028,0.2825,0.0147
M08_03_082.wav,aspirated,aspirated,0.0632,0.0324,0.9045
F16_03_047.wav,tense,plain,0.5193,0.4515,0.0292
F16_01_013.wav,aspirated,aspirated,0.0652,0.074,0.8608
F22_03_088.wav,aspirated,aspirated,0.0249,0.0454,0.9298
F22_01_026.wav,aspirated,aspirated,0.1695,0.1044,0.7261
F20_01_023.wav,aspirated,aspirated,0.0926,0.0648,0.8426
F21_02_036.wav,plain,plain,0.8378,0.1538,0.0084
F14_02_061.wav,plain,tense,0.4705,0.5061,0.0234
F16_01_057.wav,tense,tense,0.133,0.6481,0.2189
F19_04_007.wav,plain,plain,0.7526,0.2435,0.0039
F19_02_079.wav,tense,tense,0.208,0.7708,0.0212
F15_02_074.wav,aspirated,aspirated,0.1024,0.3383,0.5592
F11_01_005.wav,plain,plain,0.9006,0.0896,0.0098
F04_04_048.wav,tense,tense,0.3743,0.5755,0.0502
F09_04_062.wav,tense,tense,0.4285,0.5222,0.0493
F19_03_073.wav,plain,plain,0.7275,0.2639,0.0086
F08_02_099.wav,tense,tense,0.2436,0.7174,0.0391
M07_01_099.wav,tense,tense,0.3495,0.639,0.0115
F06_03_067.wav,aspirated,aspirated,0.1833,0.1443,0.6725
F05_03_036.wav,tense,tense,0.3055,0.5573,0.1372
M01_02_084.wav,tense,tense,0.4637,0.5165,0.0199
M13_02_034.wav,aspirated,plain,0.4413,0.3072,0.2515
M12_03_026.wav,aspirated,aspirated,0.3326,0.3194,0.348
M03_04_027.wav,aspirated,aspirated,0.1298,0.1043,0.7658
F14_01_017.wav,plain,tense,0.3258,0.6463,0.0279
F16_02_105.wav,tense,plain,0.5294,0.4299,0.0407
F13_01_032.wav,plain,plain,0.727,0.2564,0.0166
M11_04_046.wav,tense,tense,0.197,0.7491,0.0539
F09_04_101.wav,plain,plain,0.9037,0.0836,0.0127
M01_03_049.wav,plain,plain,0.8918,0.1042,0.0041
F14_03_028.wav,tense,tense,0.27,0.7097,0.0203
F23_02_010.wav,aspirated,aspirated,0.043,0.0782,0.8788
F19_03_013.wav,plain,tense,0.4123,0.5687,0.0189
M06_02_082.wav,tense,tense,0.4655,0.5173,0.0173
F23_02_081.wav,tense,tense,0.3783,0.5752,0.0464
F21_04_081.wav,aspirated,aspirated,0.3487,0.2932,0.3581
F05_03_103.wav,plain,plain,0.4701,0.2795,0.2504
M12_04_039.wav,tense,plain,0.4994,0.4223,0.0783
F12_01_103.wav,aspirated,plain,0.5551,0.0954,0.3495
M08_01_040.wav,aspirated,aspirated,0.1707,0.172,0.6573
F16_04_043.wav,aspirated,tense,0.3021,0.4603,0.2376
F11_04_006.wav,tense,tense,0.4664,0.4913,0.0424
F13_01_056.wav,plain,plain,0.6815,0.3038,0.0147
M09_01_024.wav,plain,plain,0.9497,0.0444,0.0058
F20_04_006.wav,plain,plain,0.8872,0.0697,0.0431
M07_03_068.wav,tense,tense,0.4422,0.5436,0.0142
M09_04_056.wav,tense,tense,0.4738,0.5094,0.0168
M08_02_105.wav,aspirated,aspirated,0.0165,0.0274,0.9562
F14_01_062.wav,aspirated,tense,0.1459,0.4598,0.3943
F07_03_041.wav,tense,tense,0.342,0.6206,0.0373
F14_02_041.wav,tense,tense,0.2781,0.6299,0.092
F19_01_006.wav,aspirated,aspirated,0.0731,0.1198,0.8072
M11_04_034.wav,tense,tense,0.3824,0.5359,0.0817
M03_03_029.wav,plain,plain,0.9336,0.0618,0.0046
F06_03_092.wav,plain,plain,0.9508,0.0456,0.0036
M03_03_067.wav,plain,plain,0.9176,0.0752,0.0073
M11_01_064.wav,aspirated,aspirated,0.3568,0.1342,0.5089
M05_03_057.wav,plain,plain,0.9147,0.0825,0.0028
F16_01_097.wav,plain,plain,0.3992,0.3167,0.2841
F22_01_053.wav,aspirated,plain,0.4723,0.1029,0.4248
F19_04_015.wav,tense,tense,0.4518,0.4998,0.0483
F16_04_089.wav,plain,plain,0.7928,0.1869,0.0202
F19_02_083.wav,plain,plain,0.4738,0.0749,0.4512
M09_02_014.wav,tense,tense,0.3478,0.6027,0.0495
M13_01_081.wav,aspirated,aspirated,0.3321,0.2032,0.4647
F07_01_079.wav,tense,tense,0.416,0.5533,0.0307
M06_02_049.wav,plain,plain,0.8664,0.1276,0.006
M06_02_090.wav,aspirated,tense,0.1715,0.535,0.2935
M08_03_081.wav,plain,plain,0.5953,0.3954,0.0093
F11_04_008.wav,plain,plain,0.8404,0.145,0.0147
M05_04_001.wav,plain,plain,0.8893,0.1086,0.0021
M05_02_040.wav,aspirated,aspirated,0.0586,0.0527,0.8887
F19_03_088.wav,aspirated,aspirated,0.0933,0.0908,0.8159
F13_01_081.wav,plain,plain,0.4936,0.4865,0.0199
M09_04_017.wav,plain,plain,0.8838,0.1073,0.0089
F18_01_098.wav,plain,plain,0.9325,0.0472,0.0203
F12_03_103.wav,plain,plain,0.9435,0.0529,0.0036
F17_02_080.wav,aspirated,aspirated,0.1626,0.1295,0.7079
M08_03_048.wav,tense,tense,0.3319,0.6065,0.0615
F12_04_086.wav,tense,plain,0.5972,0.3833,0.0194
F21_03_011.wav,tense,tense,0.4352,0.5371,0.0277
F14_02_103.wav,aspirated,aspirated,0.1422,0.2903,0.5675
F07_03_010.wav,tense,tense,0.2669,0.698,0.035
F22_01_089.wav,aspirated,aspirated,0.1275,0.3366,0.5359
F20_02_093.wav,aspirated,aspirated,0.0358,0.0573,0.9069
M09_04_028.wav,tense,plain,0.5047,0.3836,0.1117
M12_03_091.wav,plain,plain,0.7088,0.1499,0.1414
M13_02_055.wav,tense,tense,0.4516,0.5356,0.0128
F18_02_086.wav,tense,tense,0.4012,0.5672,0.0316
M13_04_004.wav,aspirated,plain,0.5822,0.3453,0.0725
F19_02_007.wav,plain,plain,0.9434,0.0463,0.0104
F21_02_069.wav,aspirated,aspirated,0.1208,0.1343,0.7449
F22_02_042.wav,tense,tense,0.3413,0.6247,0.034
M05_02_061.wav,aspirated,aspirated,0.046,0.0854,0.8686
M09_02_013.wav,plain,plain,0.8777,0.1017,0.0207
F15_01_073.wav,plain,plain,0.8862,0.1017,0.0121
F12_01_047.wav,aspirated,aspirated,0.3248,0.2862,0.389
M04_01_073.wav,plain,plain,0.8555,0.1343,0.0102
F06_03_026.wav,plain,plain,0.8869,0.1095,0.0036
F13_03_103.wav,aspirated,aspirated,0.1331,0.1088,0.7581
M08_03_062.wav,tense,tense,0.1669,0.8035,0.0296
F12_03_008.wav,plain,plain,0.7588,0.2176,0.0236
F08_04_073.wav,aspirated,aspirated,0.2105,0.3792,0.4102
F12_03_091.wav,aspirated,aspirated,0.1784,0.2932,0.5284
F21_01_105.wav,plain,plain,0.7602,0.2278,0.012
F10_04_031.wav,aspirated,aspirated,0.0807,0.1319,0.7874
F13_02_098.wav,tense,tense,0.4198,0.5596,0.0206
F13_02_075.wav,aspirated,aspirated,0.1526,0.4229,0.4245
F18_04_015.wav,tense,tense,0.2778,0.6844,0.0378
M13_01_037.wav,plain,plain,0.9404,0.0549,0.0047
F10_02_088.wav,plain,plain,0.7287,0.1838,0.0874
F16_04_025.wav,aspirated,aspirated,0.2222,0.2045,0.5733
F21_01_023.wav,tense,plain,0.5267,0.4514,0.0219
F05_02_003.wav,plain,plain,0.6345,0.3125,0.053
M13_03_063.wav,plain,plain,0.7825,0.2112,0.0064
F19_01_050.wav,plain,plain,0.7692,0.2283,0.0025
F16_02_010.wav,plain,plain,0.531,0.3476,0.1213
F15_04_099.wav,aspirated,aspirated,0.0391,0.0767,0.8841
F19_03_032.wav,tense,plain,0.5353,0.4509,0.0138
M08_04_092.wav,plain,plain,0.7634,0.2028,0.0338
M07_02_097.wav,aspirated,tense,0.2455,0.4546,0.3
F04_01_085.wav,plain,plain,0.7413,0.2399,0.0188
M04_01_077.wav,aspirated,aspirated,0.1605,0.3068,0.5328
M12_02_078.wav,plain,tense,0.3453,0.6355,0.0192
F21_01_049.wav,tense,tense,0.4132,0.5628,0.024
M08_02_007.wav,tense,plain,0.6948,0.2942,0.0111
F12_03_072.wav,plain,plain,0.5856,0.4016,0.0128
M13_01_032.wav,tense,tense,0.3097,0.6705,0.0198
F05_02_082.wav,plain,plain,0.7739,0.2157,0.0104
M08_04_031.wav,aspirated,tense,0.1974,0.4104,0.3922
M11_01_070.wav,plain,plain,0.8888,0.1074,0.0038
F16_03_072.wav,tense,tense,0.2563,0.7001,0.0436
F15_02_003.wav,plain,plain,0.9487,0.0493,0.002
F15_04_087.wav,aspirated,aspirated,0.0357,0.0587,0.9056
F13_03_001.wav,plain,plain,0.9011,0.0924,0.0065
M09_01_071.wav,aspirated,aspirated,0.1253,0.3119,0.5629
M11_01_011.wav,plain,plain,0.9327,0.0654,0.0019
F08_02_077.wav,plain,plain,0.9467,0.0498,0.0035
M08_02_098.wav,aspirated,aspirated,0.1824,0.2576,0.56
F11_02_104.wav,plain,plain,0.6733,0.2997,0.0271
M06_02_081.wav,plain,plain,0.6047,0.365,0.0303
F17_01_090.wav,plain,plain,0.774,0.2153,0.0107
F16_01_025.wav,aspirated,aspirated,0.1556,0.1807,0.6637
F23_02_031.wav,plain,plain,0.8121,0.1543,0.0336
F05_01_103.wav,plain,plain,0.7342,0.2146,0.0512
M11_02_035.wav,plain,plain,0.8991,0.0988,0.0021
F21_03_083.wav,plain,plain,0.5263,0.4386,0.0352
F05_03_081.wav,aspirated,aspirated,0.198,0.0904,0.7117
F07_02_020.wav,tense,plain,0.6917,0.2954,0.0129
M04_04_047.wav,plain,plain,0.7974,0.1845,0.018
M08_03_095.wav,plain,plain,0.5809,0.395,0.0241
M09_01_096.wav,plain,plain,0.5247,0.3891,0.0862
M13_02_010.wav,aspirated,aspirated,0.2683,0.1394,0.5922
F16_01_082.wav,tense,tense,0.3511,0.6092,0.0397
F09_01_082.wav,tense,tense,0.3033,0.6258,0.071
F22_02_105.wav,aspirated,plain,0.4815,0.0867,0.4318
F10_02_072.wav,tense,plain,0.4954,0.489,0.0156
F09_04_082.wav,aspirated,aspirated,0.1292,0.1038,0.767
F06_03_012.wav,aspirated,aspirated,0.097,0.1025,0.8005
M04_03_050.wav,tense,plain,0.5958,0.366,0.0382
F08_01_016.wav,plain,plain,0.9568,0.0398,0.0034
F05_02_105.wav,aspirated,aspirated,0.0175,0.0304,0.9521
M12_01_100.wav,plain,plain,0.8205,0.1732,0.0062
M12_03_007.wav,plain,tense,0.4574,0.4956,0.047
F17_01_012.wav,aspirated,aspirated,0.0511,0.0712,0.8777
M12_04_065.wav,aspirated,aspirated,0.0655,0.1207,0.8138
F06_01_037.wav,tense,tense,0.3361,0.6284,0.0355
F16_03_084.wav,aspirated,aspirated,0.2243,0.0295,0.7462
M04_03_068.wav,plain,plain,0.6489,0.3317,0.0194
M07_03_041.wav,tense,plain,0.5215,0.4637,0.0148
F04_03_061.wav,plain,plain,0.9472,0.0468,0.006
F19_04_077.wav,aspirated,aspirated,0.0724,0.1665,0.7611
F22_04_104.wav,tense,plain,0.5741,0.4017,0.0243
M08_03_102.wav,plain,plain,0.7031,0.2822,0.0146
F21_03_099.wav,aspirated,aspirated,0.2448,0.1865,0.5687
M05_01_036.wav,aspirated,aspirated,0.0673,0.0588,0.8739
M03_04_018.wav,aspirated,tense,0.2157,0.4875,0.2968
F22_03_025.wav,plain,plain,0.6152,0.3665,0.0183
F19_02_095.wav,tense,tense,0.4367,0.5146,0.0487
M13_02_019.wav,plain,plain,0.9297,0.0661,0.0043
M12_03_104.wav,tense,tense,0.3732,0.6092,0.0176
M08_01_026.wav,aspirated,aspirated,0.3672,0.1921,0.4407
F05_01_022.wav,plain,plain,0.8186,0.1561,0.0253
M10_01_095.wav,aspirated,aspirated,0.1165,0.2158,0.6678
F07_04_012.wav,plain,plain,0.5445,0.4181,0.0374
F06_03_004.wav,aspirated,aspirated,0.1471,0.1729,0.68
M10_04_029.wav,aspirated,aspirated,0.1508,0.2678,0.5814
M10_01_035.wav,tense,tense,0.3491,0.6113,0.0396
F14_02_037.wav,aspirated,tense,0.2457,0.5755,0.1788
F04_04_084.wav,aspirated,aspirated,0.0853,0.1845,0.7303
F05_02_031.wav,aspirated,aspirated,0.0123,0.0151,0.9726
M01_01_089.wav,aspirated,aspirated,0.2299,0.1636,0.6066
F10_01_075.wav,tense,tense,0.2909,0.6183,0.0908
F22_01_032.wav,plain,plain,0.7578,0.2343,0.0078
F15_03_079.wav,plain,tense,0.2503,0.6801,0.0696
M04_02_029.wav,tense,tense,0.4721,0.4919,0.036
F22_01_044.wav,aspirated,aspirated,0.0761,0.1527,0.7712
M10_04_085.wav,plain,plain,0.8588,0.1298,0.0114
F05_03_080.wav,aspirated,aspirated,0.1413,0.2843,0.5744
M07_04_024.wav,plain,tense,0.439,0.539,0.022
F15_03_088.wav,tense,tense,0.219,0.7515,0.0295
F23_02_054.wav,plain,plain,0.6905,0.282,0.0275
F23_04_001.wav,aspirated,aspirated,0.0417,0.1135,0.8447
F14_04_064.wav,plain,tense,0.3623,0.6125,0.0252
F14_04_012.wav,plain,tense,0.3219,0.6186,0.0595
F14_02_019.wav,aspirated,aspirated,0.1267,0.2074,0.666
M04_03_010.wav,plain,plain,0.8512,0.1398,0.009
F14_01_070.wav,tense,plain,0.5043,0.4723,0.0235
F22_01_007.wav,plain,plain,0.854,0.1283,0.0177
M13_01_064.wav,plain,plain,0.849,0.1425,0.0085
M05_02_075.wav,plain,tense,0.3508,0.5489,0.1002
F15_01_056.wav,aspirated,aspirated,0.1528,0.228,0.6192
F19_03_026.wav,plain,plain,0.7285,0.2633,0.0082
F10_01_011.wav,aspirated,aspirated,0.0507,0.1482,0.801
F17_04_018.wav,tense,tense,0.3222,0.6385,0.0393
F12_03_044.wav,plain,tense,0.4369,0.488,0.0751
F17_03_088.wav,aspirated,aspirated,0.1081,0.0951,0.7968
F16_04_059.wav,aspirated,aspirated,0.0955,0.2023,0.7022
M07_03_017.wav,tense,plain,0.5475,0.4335,0.019
F07_02_101.wav,plain,plain,0.8667,0.1275,0.0059
M12_02_020.wav,aspirated,aspirated,0.1016,0.1645,0.7339
F11_04_087.wav,aspirated,aspirated,0.0968,0.2228,0.6805
F13_03_005.wav,plain,plain,0.55,0.3634,0.0866
F14_01_018.wav,plain,plain,0.9568,0.0404,0.0027
M01_04_078.wav,tense,tense,0.4194,0.557,0.0236
F16_03_032.wav,tense,tense,0.3949,0.5046,0.1006
F22_02_052.wav,plain,tense,0.3288,0.6336,0.0377
M03_01_031.wav,plain,plain,0.9387,0.0595,0.0017
F09_02_041.wav,aspirated,aspirated,0.1129,0.4355,0.4516
M05_04_087.wav,plain,plain,0.7885,0.2064,0.0051
M13_02_102.wav,tense,tense,0.4268,0.5549,0.0183
F05_04_077.wav,aspirated,aspirated,0.0424,0.0837,0.8739
F10_04_022.wav,aspirated,aspirated,0.0442,0.0937,0.862
F16_01_094.wav,plain,plain,0.4248,0.397,0.1783
M13_03_085.wav,tense,tense,0.4182,0.538,0.0438
F09_02_008.wav,aspirated,aspirated,0.1429,0.2735,0.5836
F18_04_052.wav,plain,plain,0.8368,0.151,0.0122
F19_01_009.wav,plain,plain,0.9301,0.0671,0.0028
M12_02_087.wav,plain,plain,0.608,0.2005,0.1915
M03_04_001.wav,plain,plain,0.8688,0.1273,0.0039
F09_01_049.wav,plain,plain,0.8111,0.1814,0.0075
M13_03_070.wav,plain,plain,0.5539,0.4287,0.0174
M07_01_018.wav,tense,tense,0.3247,0.6512,0.0241
F05_03_091.wav,plain,plain,0.7728,0.2093,0.0179
F15_03_083.wav,tense,tense,0.3271,0.6264,0.0464
M03_04_102.wav,aspirated,tense,0.3285,0.3497,0.3218
F10_02_104.wav,aspirated,aspirated,0.1831,0.3893,0.4276
F15_02_030.wav,plain,plain,0.9631,0.0342,0.0027
F19_03_064.wav,aspirated,aspirated,0.0762,0.132,0.7918
M01_04_056.wav,tense,tense,0.2953,0.6567,0.048
M07_02_059.wav,aspirated,aspirated,0.1366,0.3851,0.4783
M11_02_091.wav,aspirated,aspirated,0.1227,0.2944,0.5828
F20_01_042.wav,aspirated,aspirated,0.2544,0.1346,0.611
M06_03_055.wav,aspirated,aspirated,0.0928,0.2868,0.6204
F11_01_097.wav,aspirated,aspirated,0.2857,0.1111,0.6033
F08_03_064.wav,plain,plain,0.7778,0.2107,0.0115
F23_04_012.wav,tense,plain,0.6365,0.3473,0.0162
F10_02_025.wav,plain,plain,0.578,0.391,0.031
F10_04_092.wav,plain,tense,0.4638,0.4986,0.0376
F15_02_081.wav,tense,tense,0.2421,0.7179,0.04
M11_03_042.wav,tense,tense,0.418,0.5679,0.0141
M12_04_034.wav,tense,tense,0.3893,0.5232,0.0874
F09_02_064.wav,tense,plain,0.5709,0.4071,0.022
M13_03_042.wav,tense,tense,0.4703,0.5053,0.0244
F19_03_072.wav,plain,tense,0.378,0.5913,0.0307
M04_01_007.wav,aspirated,aspirated,0.1145,0.2097,0.6759
F05_04_010.wav,aspirated,aspirated,0.0982,0.367,0.5348
F15_03_102.wav,tense,tense,0.2505,0.7293,0.0202
M09_03_047.wav,aspirated,aspirated,0.2123,0.2243,0.5634
F23_04_025.wav,tense,plain,0.7525,0.2362,0.0113
M11_03_048.wav,tense,plain,0.6222,0.3611,0.0167
F17_04_091.wav,plain,plain,0.836,0.1554,0.0086
F13_01_040.wav,plain,plain,0.5035,0.4731,0.0234
M07_01_079.wav,aspirated,tense,0.1476,0.5396,0.3128
F08_02_054.wav,aspirated,aspirated,0.2832,0.3256,0.3912
F10_04_001.wav,aspirated,aspirated,0.1045,0.0552,0.8403
F15_03_094.wav,plain,tense,0.2582,0.6835,0.0583
F14_03_105.wav,aspirated,aspirated,0.2082,0.3011,0.4907
F16_04_058.wav,aspirated,tense,0.1875,0.4493,0.3632
M01_02_019.wav,tense,tense,0.4862,0.4864,0.0274
F16_01_062.wav,tense,plain,0.4709,0.3688,0.1604
M01_04_047.wav,aspirated,aspirated,0.0248,0.065,0.9102
M13_01_047.wav,plain,plain,0.8712,0.1185,0.0102
F11_04_049.wav,plain,plain,0.5164,0.4484,0.0352
F06_01_069.wav,aspirated,aspirated,0.07,0.0584,0.8715
F04_02_074.wav,plain,plain,0.5705,0.4057,0.0238
F05_01_008.wav,plain,plain,0.655,0.2656,0.0794
M11_02_063.wav,plain,plain,0.8742,0.1246,0.0012
F16_04_007.wav,plain,tense,0.3648,0.543,0.0921
F22_02_067.wav,plain,plain,0.7773,0.2114,0.0113
F06_04_038.wav,tense,plain,0.4892,0.4672,0.0436
F06_03_102.wav,plain,plain,0.4922,0.4728,0.035
F18_01_063.wav,tense,tense,0.2997,0.6699,0.0303
F10_02_063.wav,plain,plain,0.9175,0.0735,0.0089
F16_02_037.wav,aspirated,aspirated,0.0618,0.0845,0.8537
M08_02_030.wav,plain,plain,0.7212,0.2726,0.0062
F19_01_094.wav,tense,plain,0.4923,0.485,0.0227
M05_03_048.wav,tense,plain,0.4927,0.4776,0.0297
F08_03_013.wav,plain,plain,0.9443,0.053,0.0027
F08_02_029.wav,aspirated,tense,0.2096,0.399,0.3914
M05_01_046.wav,tense,plain,0.577,0.4046,0.0184
M01_01_019.wav,aspirated,aspirated,0.2468,0.1393,0.6139
F07_01_101.wav,tense,tense,0.2697,0.7049,0.0254
M01_04_067.wav,plain,plain,0.6173,0.3733,0.0094
F22_01_081.wav,aspirated,aspirated,0.1952,0.2018,0.603
M01_04_082.wav,tense,tense,0.4841,0.4949,0.0211
F18_02_098.wav,aspirated,aspirated,0.0472,0.1226,0.8302
F13_01_026.wav,aspirated,aspirated,0.1053,0.2676,0.627
M01_01_042.wav,plain,plain,0.8532,0.1418,0.0051
F08_03_022.wav,plain,plain,0.4141,0.3927,0.1932
M03_01_027.wav,tense,tense,0.4847,0.4963,0.019
F06_04_030.wav,plain,tense,0.4217,0.5151,0.0632
M06_02_062.wav,tense,plain,0.5483,0.4349,0.0168
F19_02_053.wav,tense,tense,0.3847,0.5783,0.037
F21_01_030.wav,aspirated,aspirated,0.1803,0.123,0.6967
M06_03_106.wav,aspirated,plain,0.403,0.3374,0.2596
F15_01_079.wav,plain,plain,0.9367,0.0575,0.0058
F14_01_038.wav,plain,plain,0.8501,0.1463,0.0036
M12_04_021.wav,plain,plain,0.5884,0.3777,0.0339
M06_02_059.wav,tense,tense,0.447,0.5243,0.0287
M09_01_028.wav,plain,tense,0.2261,0.5497,0.2242
F11_04_060.wav,aspirated,aspirated,0.1569,0.1027,0.7404
F13_02_030.wav,plain,plain,0.8975,0.097,0.0056
F15_02_095.wav,plain,plain,0.5972,0.3814,0.0214
M11_01_104.wav,tense,tense,0.3784,0.6149,0.0067
M13_01_039.wav,tense,tense,0.4743,0.5005,0.0252
M01_01_060.wav,tense,tense,0.1479,0.8064,0.0457
F09_02_010.wav,tense,tense,0.3705,0.579,0.0506
F09_02_038.wav,plain,plain,0.7239,0.2565,0.0196
F17_02_041.wav,tense,tense,0.305,0.6638,0.0312
F19_04_088.wav,plain,plain,0.9517,0.0456,0.0026
M08_01_008.wav,plain,plain,0.9465,0.0516,0.0018
F19_03_012.wav,plain,plain,0.8223,0.1686,0.0091
F12_04_104.wav,aspirated,aspirated,0.12,0.0788,0.8012
F22_02_050.wav,plain,plain,0.7044,0.2772,0.0184
F10_02_012.wav,plain,plain,0.7243,0.2491,0.0266
F09_02_054.wav,aspirated,aspirated,0.0447,0.0734,0.8819
M13_03_050.wav,plain,plain,0.8566,0.1254,0.0181
F20_02_069.wav,aspirated,aspirated,0.1069,0.2038,0.6894
F04_03_057.wav,tense,tense,0.4352,0.5214,0.0434
M07_04_049.wav,aspirated,aspirated,0.1047,0.1212,0.7742
F13_04_052.wav,aspirated,aspirated,0.1771,0.3621,0.4608
M07_04_012.wav,tense,plain,0.6052,0.3774,0.0174
M10_02_018.wav,tense,plain,0.7982,0.1937,0.0081
F12_02_045.wav,plain,plain,0.8571,0.1329,0.01
F06_02_050.wav,tense,plain,0.6943,0.296,0.0096
M04_03_098.wav,aspirated,plain,0.3918,0.2315,0.3768
F15_03_092.wav,plain,plain,0.7619,0.2201,0.0181
M01_01_082.wav,tense,tense,0.4469,0.536,0.0171
F16_03_046.wav,tense,tense,0.189,0.4642,0.3468
F23_04_008.wav,plain,plain,0.8479,0.1302,0.0218
F23_01_097.wav,aspirated,aspirated,0.0903,0.2621,0.6477
M04_04_089.wav,tense,plain,0.546,0.4264,0.0276
F04_03_093.wav,tense,tense,0.3218,0.6452,0.033
M10_03_069.wav,tense,plain,0.7401,0.2448,0.0151
F11_03_047.wav,plain,plain,0.8613,0.1225,0.0162
M13_02_029.wav,plain,plain,0.8412,0.1532,0.0056
F12_02_069.wav,tense,tense,0.2461,0.7283,0.0256
F15_02_016.wav,plain,plain,0.9557,0.0385,0.0059
F20_04_084.wav,aspirated,aspirated,0.0853,0.0942,0.8204
F04_02_103.wav,tense,tense,0.3737,0.5911,0.0352
F21_03_050.wav,aspirated,aspirated,0.1109,0.153,0.7361
F20_02_051.wav,aspirated,aspirated,0.116,0.1382,0.7457
F23_01_093.wav,tense,tense,0.1819,0.771,0.0472
M01_03_023.wav,aspirated,aspirated,0.1638,0.0822,0.7541
F18_01_106.wav,plain,tense,0.4276,0.5459,0.0265
F14_01_005.wav,plain,plain,0.9496,0.0467,0.0037
F19_03_091.wav,tense,tense,0.3576,0.5737,0.0687
F11_02_100.wav,plain,plain,0.8512,0.1431,0.0057
M11_03_056.wav,aspirated,aspirated,0.0678,0.0656,0.8666
F21_04_060.wav,plain,plain,0.8635,0.1276,0.0089
F17_02_104.wav,plain,plain,0.8722,0.1119,0.0158
F18_02_005.wav,aspirated,aspirated,0.0398,0.1348,0.8255
F11_02_078.wav,aspirated,tense,0.2721,0.4324,0.2955
M08_03_011.wav,plain,plain,0.9274,0.0578,0.0148
M12_03_065.wav,aspirated,tense,0.3815,0.3826,0.2359
M12_02_083.wav,tense,tense,0.4776,0.4851,0.0373
F13_03_007.wav,plain,plain,0.748,0.2415,0.0106
M06_04_081.wav,plain,plain,0.7292,0.2509,0.0198
F23_04_049.wav,tense,tense,0.3571,0.5861,0.0568
F10_02_058.wav,aspirated,aspirated,0.0443,0.0491,0.9066
M07_03_052.wav,plain,plain,0.8532,0.1413,0.0055
M10_02_078.wav,aspirated,tense,0.2971,0.4309,0.2719
M11_03_078.wav,aspirated,aspirated,0.0687,0.1289,0.8024
M12_01_010.wav,tense,tense,0.4192,0.5387,0.042
M09_03_103.wav,aspirated,aspirated,0.2558,0.268,0.4763
F14_01_090.wav,tense,tense,0.4615,0.525,0.0135
F21_04_066.wav,plain,tense,0.453,0.5255,0.0215
F19_01_019.wav,tense,tense,0.2998,0.6859,0.0143
F07_02_090.wav,aspirated,aspirated,0.1154,0.1328,0.7518
M05_02_089.wav,aspirated,aspirated,0.0885,0.0905,0.821
M01_03_013.wav,plain,plain,0.5811,0.4007,0.0182
M12_04_015.wav,plain,plain,0.8031,0.1914,0.0055
F23_01_089.wav,plain,plain,0.9283,0.0651,0.0066
F04_03_102.wav,tense,tense,0.4608,0.5009,0.0382
M05_02_098.wav,aspirated,aspirated,0.0258,0.0158,0.9584
M12_01_061.wav,aspirated,aspirated,0.1436,0.2082,0.6482
M13_03_098.wav,plain,plain,0.9196,0.0739,0.0066
F19_02_006.wav,aspirated,aspirated,0.0509,0.1757,0.7733
F08_04_048.wav,aspirated,aspirated,0.0825,0.1082,0.8092
F17_04_002.wav,aspirated,tense,0.2161,0.4251,0.3588
M11_01_059.wav,aspirated,aspirated,0.1604,0.0653,0.7743
F21_03_054.wav,aspirated,aspirated,0.1675,0.1751,0.6574
M09_02_033.wav,plain,plain,0.9343,0.0582,0.0075
M07_02_041.wav,tense,plain,0.661,0.3289,0.0101
F21_03_085.wav,tense,tense,0.2867,0.6327,0.0806
F11_04_083.wav,plain,plain,0.9242,0.0624,0.0134
F16_02_047.wav,tense,plain,0.5194,0.4569,0.0237
F07_01_031.wav,aspirated,aspirated,0.0661,0.1444,0.7896
F20_02_021.wav,aspirated,aspirated,0.0296,0.0581,0.9123
F08_04_097.wav,aspirated,tense,0.2341,0.4891,0.2768
F14_03_067.wav,plain,plain,0.9258,0.0689,0.0053
F07_04_062.wav,plain,plain,0.8434,0.1498,0.0068
F17_04_022.wav,plain,plain,0.6503,0.3373,0.0124
M01_01_049.wav,aspirated,aspirated,0.0492,0.1697,0.7811
F11_03_057.wav,plain,plain,0.7989,0.1878,0.0132
M03_03_030.wav,aspirated,aspirated,0.1082,0.0958,0.796
F21_04_101.wav,plain,plain,0.7677,0.2196,0.0127
F15_02_048.wav,plain,plain,0.7175,0.2754,0.0071
M10_01_069.wav,plain,plain,0.9345,0.0629,0.0025
F08_01_049.wav,aspirated,tense,0.2481,0.5288,0.2231
M04_04_095.wav,aspirated,tense,0.3016,0.4021,0.2963
F20_04_058.wav,tense,tense,0.2781,0.6575,0.0644
F15_02_105.wav,plain,plain,0.7783,0.2018,0.0199
F15_02_101.wav,tense,plain,0.8119,0.1833,0.0048
F17_03_058.wav,plain,plain,0.8581,0.1322,0.0096
F10_03_050.wav,tense,tense,0.4448,0.4931,0.0621
F11_03_062.wav,plain,plain,0.8483,0.1302,0.0215
F05_01_032.wav,plain,tense,0.3236,0.6264,0.05
F08_01_081.wav,tense,plain,0.5068,0.4708,0.0223
F13_03_040.wav,plain,plain,0.9032,0.0882,0.0086
F04_04_032.wav,tense,tense,0.3435,0.5864,0.0701
F22_03_098.wav,plain,plain,0.8559,0.1347,0.0095
M01_04_027.wav,plain,plain,0.9296,0.0661,0.0044
M10_02_017.wav,plain,plain,0.9408,0.0568,0.0023
F11_01_049.wav,plain,plain,0.8073,0.1851,0.0077
F14_04_023.wav,aspirated,aspirated,0.2129,0.2317,0.5554
F11_01_012.wav,aspirated,tense,0.2564,0.3896,0.3539
F10_03_048.wav,tense,plain,0.5825,0.3945,0.0231
F18_04_065.wav,aspirated,aspirated,0.1314,0.2849,0.5837
M09_02_063.wav,tense,plain,0.5247,0.4564,0.0189
F20_04_105.wav,plain,plain,0.7609,0.2211,0.018
M11_02_079.wav,tense,tense,0.1723,0.797,0.0306
F17_03_016.wav,aspirated,tense,0.1942,0.4622,0.3436
F04_04_006.wav,aspirated,aspirated,0.1978,0.2186,0.5836
M07_02_043.wav,plain,plain,0.8558,0.1379,0.0064
F14_04_099.wav,tense,tense,0.2785,0.7093,0.0122
F19_02_005.wav,tense,plain,0.5505,0.4372,0.0124
F06_03_080.wav,tense,plain,0.596,0.3846,0.0194
F10_01_049.wav,aspirated,aspirated,0.1606,0.2152,0.6243
F15_01_096.wav,aspirated,aspirated,0.0765,0.2495,0.674
F16_03_012.wav,tense,tense,0.2232,0.6063,0.1705
M11_01_074.wav,plain,plain,0.9151,0.0826,0.0022
F19_01_071.wav,aspirated,aspirated,0.0284,0.1097,0.862
F08_02_081.wav,tense,tense,0.2825,0.6997,0.0178
F05_03_090.wav,tense,plain,0.4497,0.3929,0.1574
M13_03_005.wav,aspirated,aspirated,0.107,0.2358,0.6572
M13_01_070.wav,aspirated,aspirated,0.1895,0.225,0.5855
M06_03_070.wav,tense,tense,0.3189,0.6661,0.0149
F08_02_043.wav,tense,plain,0.7778,0.2146,0.0076
M11_04_070.wav,aspirated,aspirated,0.0793,0.185,0.7356
M12_01_073.wav,plain,plain,0.5646,0.4131,0.0223
F21_04_009.wav,tense,tense,0.4744,0.4793,0.0463
M03_02_077.wav,plain,plain,0.7823,0.2046,0.0131
F11_03_022.wav,aspirated,tense,0.2762,0.3707,0.3531
F08_04_058.wav,tense,tense,0.3717,0.6004,0.028
F09_01_054.wav,plain,plain,0.5954,0.3924,0.0123
F18_01_034.wav,tense,tense,0.2352,0.6899,0.0749
M09_02_049.wav,tense,plain,0.6422,0.3183,0.0395
F23_01_047.wav,tense,tense,0.15,0.6887,0.1613
M12_03_018.wav,tense,tense,0.2354,0.676,0.0886
F23_03_021.wav,plain,plain,0.7339,0.2556,0.0105
F12_04_005.wav,plain,plain,0.895,0.0885,0.0165
F19_01_034.wav,plain,plain,0.8708,0.1256,0.0036
F21_04_105.wav,aspirated,aspirated,0.1296,0.2859,0.5845
M11_03_013.wav,plain,plain,0.7952,0.1716,0.0332
F11_03_007.wav,aspirated,aspirated,0.2344,0.187,0.5786
M04_01_079.wav,plain,plain,0.7917,0.198,0.0103
M09_01_002.wav,plain,plain,0.684,0.2715,0.0444
F21_03_056.wav,plain,plain,0.842,0.121,0.0369
F16_03_004.wav,tense,tense,0.2203,0.5776,0.2021
F18_02_053.wav,tense,tense,0.4589,0.4969,0.0442
M07_01_017.wav,plain,tense,0.4799,0.5074,0.0127
F06_04_101.wav,aspirated,aspirated,0.054,0.0442,0.9018
M07_03_030.wav,plain,plain,0.7845,0.2074,0.008
F05_04_040.wav,plain,plain,0.7871,0.1596,0.0533
F11_03_082.wav,plain,plain,0.8766,0.1003,0.0231
F06_02_022.wav,tense,plain,0.7381,0.2521,0.0099
F19_02_062.wav,plain,plain,0.912,0.0694,0.0186
M13_04_067.wav,tense,tense,0.2439,0.732,0.024
F23_03_072.wav,aspirated,aspirated,0.0656,0.1519,0.7826
F07_01_085.wav,tense,tense,0.343,0.6128,0.0442
F16_01_101.wav,aspirated,aspirated,0.2475,0.0501,0.7024
F18_02_060.wav,plain,plain,0.7261,0.2581,0.0157
M10_04_058.wav,plain,plain,0.9453,0.0519,0.0028
M12_02_052.wav,aspirated,aspirated,0.0487,0.1342,0.8171
M12_03_004.wav,aspirated,aspirated,0.0454,0.067,0.8876
F23_01_041.wav,plain,tense,0.2488,0.7045,0.0467
M05_03_062.wav,plain,plain,0.6899,0.2988,0.0113
F16_01_096.wav,aspirated,aspirated,0.1307,0.0853,0.784
F07_01_072.wav,tense,tense,0.3733,0.5536,0.0731
M11_03_028.wav,tense,tense,0.2203,0.7036,0.0762
M13_01_093.wav,tense,plain,0.5222,0.4703,0.0075
F23_03_037.wav,plain,plain,0.9376,0.0581,0.0043
F15_03_029.wav,plain,plain,0.8916,0.1017,0.0067
F21_02_080.wav,aspirated,plain,0.735,0.1979,0.0672
F13_01_036.wav,plain,plain,0.9435,0.0517,0.0048
F19_04_056.wav,aspirated,aspirated,0.0425,0.1312,0.8262
F10_04_075.wav,tense,plain,0.4942,0.4352,0.0705
F15_03_089.wav,tense,plain,0.5201,0.4593,0.0206
F05_01_085.wav,aspirated,aspirated,0.0373,0.0676,0.8951
F14_01_068.wav,aspirated,aspirated,0.105,0.1764,0.7186
M07_01_037.wav,aspirated,plain,0.3849,0.364,0.2512
F23_02_085.wav,plain,plain,0.9205,0.0705,0.009
M04_02_034.wav,plain,plain,0.8288,0.1611,0.0101
M09_04_061.wav,aspirated,aspirated,0.1701,0.2848,0.5451
F09_04_066.wav,aspirated,aspirated,0.0382,0.0483,0.9135
M08_03_034.wav,plain,plain,0.7565,0.2302,0.0133
F11_02_106.wav,tense,tense,0.3922,0.5832,0.0246
M07_01_031.wav,tense,plain,0.6483,0.344,0.0077
F14_01_031.wav,plain,plain,0.9231,0.074,0.0028
F08_03_074.wav,plain,plain,0.8454,0.1499,0.0047
M11_04_093.wav,tense,tense,0.411,0.5567,0.0324
F13_02_003.wav,tense,tense,0.3688,0.6081,0.0231
F09_03_100.wav,aspirated,aspirated,0.089,0.1221,0.7889
M11_03_061.wav,tense,tense,0.3847,0.5096,0.1058
M07_01_007.wav,aspirated,plain,0.4439,0.2731,0.283
F04_01_071.wav,aspirated,aspirated,0.0726,0.102,0.8254
F08_02_012.wav,tense,tense,0.3735,0.5283,0.0982
F19_01_074.wav,plain,plain,0.4951,0.4907,0.0142
F04_02_059.wav,aspirated,tense,0.1235,0.613,0.2634
M13_01_073.wav,aspirated,tense,0.2599,0.4686,0.2715
M04_01_043.wav,tense,tense,0.3962,0.5914,0.0124
F14_04_082.wav,tense,tense,0.3271,0.6622,0.0107
F17_03_103.wav,plain,plain,0.9391,0.0589,0.002
M03_03_080.wav,aspirated,tense,0.2693,0.5607,0.17
M01_03_076.wav,plain,plain,0.748,0.2417,0.0103
M05_01_009.wav,plain,plain,0.9414,0.0567,0.0019
M11_04_051.wav,aspirated,aspirated,0.0284,0.0212,0.9504
F18_01_073.wav,plain,tense,0.4515,0.491,0.0576
F23_04_100.wav,tense,tense,0.2743,0.672,0.0537
M01_01_046.wav,aspirated,aspirated,0.2597,0.1751,0.5652
M12_01_007.wav,aspirated,aspirated,0.2855,0.1119,0.6026
F12_02_081.wav,aspirated,tense,0.3323,0.5078,0.1599
F12_04_070.wav,plain,plain,0.8319,0.1646,0.0035
F13_02_076.wav,plain,plain,0.9114,0.0729,0.0157
M08_02_065.wav,plain,plain,0.7966,0.1927,0.0107
F13_02_015.wav,tense,tense,0.3608,0.5995,0.0397
F06_03_066.wav,tense,plain,0.5799,0.3749,0.0451
F14_02_094.wav,tense,plain,0.5316,0.4519,0.0164
M12_03_094.wav,plain,plain,0.4563,0.1087,0.435
F05_03_031.wav,plain,plain,0.75,0.1861,0.0639
F14_01_055.wav,tense,tense,0.3777,0.5879,0.0344
M12_04_037.wav,tense,tense,0.2778,0.6897,0.0326
M05_03_092.wav,tense,tense,0.2515,0.7239,0.0245
F06_03_103.wav,plain,plain,0.8414,0.1505,0.0081
F20_02_067.wav,tense,tense,0.4568,0.5271,0.0161
M08_02_045.wav,aspirated,aspirated,0.0262,0.0837,0.8901
F19_02_100.wav,plain,plain,0.7102,0.281,0.0088
F18_01_103.wav,tense,tense,0.2094,0.7414,0.0492
F16_01_098.wav,aspirated,aspirated,0.1699,0.2409,0.5892
F12_02_104.wav,plain,plain,0.8099,0.1866,0.0036
F13_02_004.wav,aspirated,aspirated,0.3582,0.2162,0.4256
F21_04_104.wav,aspirated,aspirated,0.1687,0.2958,0.5355
F12_02_093.wav,tense,tense,0.3452,0.6302,0.0246
F05_02_071.wav,plain,tense,0.3772,0.5386,0.0842
F14_03_007.wav,plain,plain,0.7654,0.2301,0.0045
F18_01_081.wav,tense,tense,0.3282,0.5796,0.0921
F15_01_009.wav,tense,plain,0.5608,0.4188,0.0205
F05_01_106.wav,aspirated,aspirated,0.0638,0.0966,0.8396
F14_03_022.wav,aspirated,aspirated,0.2167,0.252,0.5313
F09_01_035.wav,plain,plain,0.8852,0.0984,0.0164
M12_02_089.wav,tense,tense,0.3521,0.5814,0.0665
F19_02_085.wav,plain,plain,0.9063,0.0866,0.0071
F20_02_009.wav,plain,plain,0.603,0.3823,0.0148
F13_03_082.wav,plain,plain,0.8658,0.1261,0.008
M07_01_098.wav,plain,plain,0.5712,0.3527,0.0761
F07_04_004.wav,tense,tense,0.2879,0.6725,0.0396
F06_03_064.wav,tense,tense,0.4849,0.502,0.0131
M01_04_024.wav,plain,plain,0.8199,0.1662,0.0139
M04_03_016.wav,plain,plain,0.8264,0.1639,0.0097
M07_02_076.wav,tense,tense,0.3372,0.6456,0.0171
F08_03_033.wav,tense,tense,0.356,0.5958,0.0482
M03_01_071.wav,tense,plain,0.6316,0.3631,0.0052
M07_01_041.wav,tense,tense,0.3779,0.6,0.0221
F20_02_103.wav,tense,plain,0.5246,0.4532,0.0222
F14_02_011.wav,tense,tense,0.4135,0.5573,0.0292
F04_02_075.wav,aspirated,aspirated,0.1454,0.3157,0.5389
M09_03_086.wav,plain,tense,0.3984,0.4861,0.1155
M09_03_045.wav,plain,tense,0.3149,0.5463,0.1388
M05_03_028.wav,aspirated,aspirated,0.1612,0.1649,0.674
F20_01_038.wav,aspirated,aspirated,0.0707,0.0569,0.8724
M09_03_022.wav,tense,tense,0.4063,0.5591,0.0346
M12_03_089.wav,tense,plain,0.5921,0.3546,0.0533
F18_01_027.wav,aspirated,aspirated,0.097,0.1557,0.7472
M08_03_023.wav,tense,plain,0.6408,0.3525,0.0066
F11_03_073.wav,tense,tense,0.2174,0.7285,0.0541
M08_04_037.wav,aspirated,aspirated,0.0294,0.026,0.9446
F22_02_083.wav,plain,plain,0.9236,0.0712,0.0052
M04_01_053.wav,tense,tense,0.3561,0.5997,0.0442
F06_01_008.wav,tense,tense,0.3684,0.6107,0.0209
F10_04_095.wav,aspirated,aspirated,0.1501,0.2,0.6499
F16_04_063.wav,plain,plain,0.8173,0.1659,0.0168
F15_02_025.wav,aspirated,tense,0.1781,0.4193,0.4027
F15_04_100.wav,aspirated,plain,0.3976,0.3246,0.2778
F08_02_023.wav,plain,plain,0.7008,0.2904,0.0088
F13_04_058.wav,tense,tense,0.391,0.5764,0.0326
